Arbol_04=[0.0008435768915737378, 1.03192513231995e-08, 1.2567072172390596e-10, 5.1309233472498974e-11, 3.9050179892131014e-21, 4.957468560426592e-15, -1.313872440776271e-21]
Pinguino_01=[0.0010174286298152947, 4.639011865314843e-07, 1.373836301185541e-10, 2.570680916598357e-11, 1.4730540111108968e-21, 1.7508981161623286e-14, 4.0496565198489794e-22]
Tri_09=[0.0007567969647416187, 2.618617851355061e-10, 2.804577586492541e-10, 2.8224059379905636e-14, 7.596960555809985e-26, 4.559104095737298e-19, -2.3113013173547234e-26]
Flecha_02=[0.0006836144228385099, 9.409410025761091e-09, 1.1185935935222637e-11, 4.841060612537425e-13, 1.1211549093324866e-24, 4.681163037963901e-17, -1.1002706256610669e-25]
Silueta_Perfil_01=[0.0007762950416365035, 8.66599132479475e-09, 1.2856288610319778e-10, 3.1970429107395928e-12, -4.8376156685375024e-23, 2.5773194191675953e-16, 4.3137315905335525e-23]
Circulo_02=[0.0006241329849115875, 2.5947481034225655e-15, 5.562796451437929e-17, 2.26125319074074e-22, -2.536123355185131e-41, 1.1518523011517245e-29, 0.0]
Simetria_01=[0.0007170306904834476, 9.16750796647679e-09, 7.577500601198395e-12, 5.98507633427817e-14, -4.333694543167226e-28, -5.7211282775497715e-18, -4.030346872946923e-26]
Gato_08=[0.00102123539171053, 4.754147730140626e-07, 1.2886581659680386e-11, 2.7860975531901315e-11, 5.271574154666111e-22, 1.9139476282418538e-14, -2.825705449464046e-23]
Gato_09=[0.000932374427345198, 7.628398249510564e-08, 1.3594055081814795e-10, 1.7649846648949534e-11, -7.25221469105232e-22, -4.401092124695065e-15, 4.706230695730681e-22]
Sirena_01=[0.003959560364003168, 1.044507404778878e-05, 2.0050220857655414e-08, 1.0041771696596691e-08, 1.360780511318613e-16, 2.9778855600487556e-11, 4.225275607059972e-17]
Flecha_03=[0.0009068806114372798, 1.3282288432741456e-09, 7.048517260784461e-10, 9.41681475044105e-12, -7.671935169834982e-22, 3.4319462737100415e-16, 1.585924026040272e-35]
Tri_08=[0.0010887842091519286, 4.249383216569935e-11, 1.9646777441122686e-09, 3.5386921960725847e-14, 1.8971352873002165e-25, 1.8463120438009337e-19, 2.2598447514998255e-25]
Mont_4=[0.000790912174759397, 5.737454678444099e-08, 2.2633667434447083e-10, 2.7433878342862253e-12, 3.737947914660439e-23, 2.1262068352393257e-17, 5.723633528997538e-23]
Arbol_05=[0.0006994290222111152, 4.505005106052827e-11, 2.0705550606737556e-11, 6.050308858891553e-12, 6.75738687275704e-23, 4.0225139985607636e-17, -4.429195475660465e-24]
Arbol_07=[0.0008155848786296388, 2.3389842395279958e-08, 1.411579575788158e-10, 3.3678506496410535e-11, 2.3164978830613882e-21, 5.1046278606403885e-15, -1.6127868588886287e-22]
Flecha_01=[0.0009138147860828846, 2.6263417574620708e-08, 6.511637985248333e-10, 2.4041213741175058e-12, -9.500936701111587e-23, 3.894577726571663e-16, -4.6219442649071764e-24]
Silueta_Perfil_02=[0.0008197332518705843, 7.527361670131392e-08, 1.313784472781112e-10, 7.060608979801852e-12, 2.0946360536709854e-22, 1.4139357628996587e-15, 4.866711879957256e-23]
Circulo_01=[0.0006241375971264052, 3.7188417392695566e-15, 1.487287907433652e-17, 6.855664168599535e-24, 6.83843148122333e-44, 2.7187878894603398e-31, 1.0764835332968925e-44]
Simetria_02=[0.0012217295297364586, 1.1647306511896844e-07, 1.771144130514653e-10, 3.898212755255128e-11, -3.2388756019456084e-21, -1.3303434347177038e-14, 3.8694837905676603e-23]
Sirena_02=[0.0017757288557077168, 1.8410300743294211e-06, 9.627971803380016e-10, 9.032060900153751e-10, 8.381830144250901e-19, 1.202628006918375e-12, -8.28015121556093e-20]
Simetria_03=[0.0009859071618942522, 4.060584303473278e-10, 3.0241699347415755e-10, 3.247929738139582e-11, -3.2188471614187333e-21, 6.544818256745852e-16, -2.459583974854536e-23]
Silueta_Perfil_03=[0.0015770477830427286, 1.2314813329589277e-06, 9.474161756345659e-11, 7.362141931586988e-11, 2.3321747404833322e-21, 5.1697981708070846e-14, -5.689140425071647e-21]
Arbol_06=[0.0006889145190926697, 5.681378412828508e-10, 2.446165162534493e-12, 3.7915309262517196e-12, 1.0797693251084802e-23, 8.702185012818014e-17, 4.0914965685770856e-24]
Arbol_02=[0.0007750663228379281, 6.89679701535441e-08, 1.6469803212764553e-10, 7.60882049559719e-12, 2.6935200507492976e-22, 1.998209689533934e-15, 9.82873539274271e-36]
Bailarin_01=[0.0016505424652287761, 1.3523685828078218e-06, 1.6318531125587206e-10, 1.6962261283126475e-10, 2.627658070779351e-20, 1.0954281230401667e-13, 1.0292873659341054e-20]
Gallina_03=[0.0008920975868907453, 1.1881258872771018e-07, 2.1141748332844362e-10, 1.1157169404240946e-11, -2.384604966196375e-22, 2.4096271260025777e-15, -4.865884495247174e-22]
Flecha_04=[0.0008494114010006743, 7.006298428124737e-10, 5.462602921315112e-10, 5.223262132861321e-12, -2.7900367988975395e-22, -1.3825093410734887e-16, 9.68679383461284e-25]
Mariposa_03=[0.0008646680356910862, 3.181605220982433e-08, 7.551999348894953e-11, 1.137157057988984e-11, -3.3323515810619447e-22, -2.0283045763858975e-15, -2.3537363707343526e-24]
Mariposa_02=[0.001231612738795817, 1.0231994822653665e-07, 4.4927009211572336e-10, 2.9844254485351997e-13, 3.450705303758486e-24, -9.538804443057417e-17, -1.870311025347867e-25]
Cuadrado_01=[0.0006535461985031824, 0.0, 0.0, 0.0, 0.0, 0.0, 0.0]
Flecha_05=[0.0007895193311202274, 4.3872865718138705e-09, 3.4894690236423715e-10, 1.0092670039464534e-13, -4.988610277773824e-25, 6.401751255011664e-18, 3.314752357455128e-25]
Gallina_02=[0.0008976825263462675, 7.354415471786184e-08, 2.846370360459269e-10, 1.9422270857166958e-11, -5.178061648789068e-22, -2.57271423358648e-16, 1.3480677502522251e-21]
Arbol_03=[0.0007293549428324742, 2.3399976400602763e-09, 5.568038026059891e-12, 6.913936225562327e-12, 2.690820999602211e-23, -6.514879099126945e-17, 3.3409646519546803e-23]
Arbol_01=[0.0007369451801427779, 9.818388214724859e-11, 1.4559997308546202e-10, 3.9370120140205994e-13, 2.9448834298467172e-24, -3.724842169925591e-18, -4.612430074814963e-25]
Plumilla_01=[0.0006519248189847623, 1.3398674574298559e-08, 2.7745896995483065e-11, 4.918862421421731e-13, 1.817172822499418e-24, 5.693708427192196e-17, -1.5861696545342645e-27]
Flecha_07=[0.0007356524678686246, 9.443021884955089e-08, 3.702086016203401e-12, 1.701296624106228e-13, 1.2172281048691273e-25, 4.878091169944389e-17, 5.842564172308678e-26]
Simetria_04=[0.001362644424485936, 1.2046845796805889e-08, 2.342189657575729e-10, 1.262991999271538e-10, -2.172186581059058e-20, -1.3856471243699092e-14, -1.7934509953987657e-22]
Leon_01=[0.0010291475704144464, 3.1237700974533616e-07, 1.0089128155489463e-10, 1.9762004122389755e-11, 8.54026056829939e-22, 8.488207164604421e-15, -2.220297659617739e-22]
Mariposa_01=[0.0008648116710887903, 3.18751734949573e-08, 7.559188541330772e-11, 1.1372300478298245e-11, -3.3343249489946736e-22, -2.0303488774217866e-15, -1.0506232196978126e-24]
Castor_01=[0.00104852503482024, 5.789676191718403e-07, 6.193066229673417e-11, 3.373038088169448e-11, 1.5209269428140372e-21, 2.4780913854009424e-14, 2.5190154132053944e-22]
Cuadrado_02=[0.0007870083171346999, 3.805517213397954e-12, 1.1783698170555594e-14, 9.772100859019034e-16, 2.2275820647432842e-30, 1.8795364606939342e-21, 2.4564505056922022e-30]
Simetria_05=[0.0010721410311821532, 2.5015129502140666e-09, 1.0604781750961583e-10, 3.5638832559006535e-11, -2.188589164140296e-21, -1.7562457456282635e-15, 1.0207379509566034e-22]
Flecha_06=[0.0007238860584991628, 5.6660466014990474e-08, 7.877479904471398e-12, 4.3758568738508424e-13, 8.1242970542202815e-25, 1.0415942615581216e-16, -2.76788424422258e-27]
Gallina_01=[0.0010239747540881276, 6.48753764403107e-08, 1.51300560826815e-10, 3.04013389226546e-13, -8.023144179330084e-25, -7.151760791398906e-17, -1.899358156626641e-24]
Busto_Perfil_19=[0.0007317051739043623, 4.039022904076259e-08, 7.25299618197709e-11, 9.83799194692551e-12, 2.5831237773028313e-22, 1.903933208913665e-15, 4.833577885766996e-23]
Busto_06=[0.0008191812526249598, 1.1444818248489152e-07, 9.218469244706298e-11, 2.418818856112587e-13, -1.1299780111500671e-24, 8.16541214980662e-17, 1.6650549947763056e-25]
Silueta_01=[0.0012205736448651675, 5.2758373538531e-07, 1.171362347562182e-11, 3.309766309731009e-11, 5.352003089830563e-22, 1.4380282701539037e-14, 3.718354462479705e-22]
Hexa_02=[0.000681435181008477, 1.686043172702303e-12, 3.0245397807931784e-15, 4.249672141812562e-17, -7.900691674436414e-33, -5.2137937816987753e-23, 1.302712663654899e-32]
Bailarina_05=[0.0017819079500922307, 1.821806893214588e-07, 5.186369320072413e-09, 8.209937438490952e-10, -1.064621691598807e-18, -3.4651712595888234e-13, 1.3177965814789172e-18]
Deportista_02=[0.001305752280059657, 5.756079670946388e-07, 5.3437303988623274e-11, 1.0401929950830689e-10, -3.761066355308462e-21, 7.718985705506801e-14, -6.782149339397891e-21]
Elefante_01=[0.0008312363770535163, 1.3263694613283722e-09, 3.531293684907017e-10, 2.6876897877503768e-11, 2.571220906281008e-21, 7.829759772438069e-16, 4.948031845229489e-22]
Pino_17=[0.0008756657492348443, 2.3599353456150573e-07, 9.753176193825454e-11, 5.395143285452496e-12, 1.2375920470658083e-22, 2.6209155994503963e-15, -3.5042074642305596e-37]
Pino_03=[0.0007836902155307409, 8.002957760101638e-08, 1.4806959121791653e-10, 1.460222923276888e-11, 6.789871616477508e-22, 4.130853191676898e-15, -5.0244889205255365e-25]
Mont_07=[0.0007589675158025011, 5.640633576480755e-08, 1.4008465054973325e-10, 2.0626789846168677e-12, -3.4849420610986583e-23, -4.885610275164898e-16, -3.8595352117641826e-24]
Cruz_09=[0.0019309710841945577, 7.202740169063625e-07, 3.3094959268964312e-09, 7.957647871363123e-10, 1.2913917327219682e-18, 6.753572893990488e-13, -4.510944460103209e-33]
Car_03=[0.0007252201516377442, 2.628746789277097e-08, 2.8891097489358732e-11, 7.80283910802346e-12, -9.269439979246561e-23, -1.1812520210106849e-15, -7.16453277342863e-23]
Car_02=[0.001247608826216729, 1.0734312678631327e-06, 1.4816282094988395e-10, 3.373405844034333e-11, 1.824785114934798e-21, 1.5830796820629693e-14, -1.5355677953116493e-21]
Cruz_08=[0.0017252385865495262, 5.699487314736204e-07, 3.2391754684060534e-09, 6.399658141090053e-10, 9.214088354366547e-19, 4.831418639572885e-13, -3.304175893303389e-22]
Mont_12=[0.0008080122493984818, 1.1519024248489965e-07, 2.147403993941494e-10, 5.9613540014659e-12, -1.6580711497078878e-22, -1.6744336619129548e-15, 1.3416933645075316e-22]
Mont_06=[0.0007904306207733029, 5.6481667522325725e-08, 2.2693219440344067e-10, 2.7148166160049957e-12, 3.6302145382716564e-23, 1.9924539023933448e-17, 5.676970904123709e-23]
Pino_02=[0.0008643632574939343, 1.4671618038913045e-07, 1.651977128662496e-10, 1.1536337563767801e-11, 5.03617165196094e-22, 4.4187665123637196e-15, -1.999873298928844e-24]
Pino_16=[0.0008282026890181335, 2.0296252941970975e-07, 9.904722256063847e-11, 5.6538116701367235e-12, 1.3379114764059703e-22, 2.54710006294412e-15, 6.901900613646983e-25]
Deportista_03=[0.001161698326168541, 1.147983348645344e-07, 1.6709838794920558e-10, 6.46174852331791e-11, 6.965149287484246e-22, 2.1746812844726074e-14, 6.6782381238605796e-21]
Bailarina_04=[0.0020288136126752625, 2.5138657861004605e-07, 9.964110004229511e-09, 7.216960779961583e-10, -8.89445953129655e-19, 2.2305147633589748e-13, 1.7188120100027193e-18]
Oso_01=[0.0007041665270642634, 5.680780801176481e-08, 2.5299165394824537e-12, 5.245017370816735e-13, -4.602690909616737e-25, -1.5791796507294056e-17, -3.914049738628045e-25]
Busto_Perfil_18=[0.0009626130729580854, 4.3497743431133517e-07, 3.552374917967977e-11, 5.3528973429088456e-12, 5.111803491926181e-23, 2.3054607286114834e-15, 5.324992201312011e-23]
Caracol_01=[0.0007323159111806938, 6.583644370326661e-08, 6.476631040461925e-11, 7.5136841938208e-12, 1.657417682291078e-22, 1.917415427479617e-15, -1.6689440829570616e-24]
Busto_05=[0.0009665799524835631, 5.563519238958861e-08, 6.510603312733005e-10, 7.305855672818088e-12, 5.022185481208097e-22, 1.7184838778743567e-15, -4.0743633096754256e-23]
Oso_03=[0.0009221663945718523, 2.5825375717900606e-07, 2.9571048323737236e-11, 1.036427924363393e-11, 1.7371541112895696e-22, 5.207364544694442e-15, -5.2390755201685e-23]
Hexa_01=[0.0006288986286534604, 2.857287570861272e-11, 1.3067993236823534e-17, 5.524991295848482e-19, -8.616971004074073e-37, -2.914889961505606e-24, -1.2088995173221807e-36]
Elefante_02=[0.000894112836124996, 1.4472158386265452e-07, 5.632711488099669e-11, 1.7271990296239738e-11, -4.578253589882222e-22, -6.248643448218349e-15, -2.8394985211913397e-22]
Deportista_15=[0.0014440466455659822, 5.938252987505285e-07, 1.096683396576634e-09, 3.2489599162197965e-10, 1.908398663076412e-19, 1.430643785899126e-13, -3.4512281927015197e-20]
Deportista_01=[0.00225377556948388, 7.293292689995394e-08, 1.7805447986758543e-08, 1.1191349841516206e-09, 3.925217217170496e-18, 2.879326724430524e-13, 3.0903278457765365e-18]
Apple_01=[0.0006877495839711801, 8.862156783962107e-09, 2.8384789250027973e-11, 3.199986701981385e-12, 2.4872531105888547e-23, 1.5584053407879987e-16, -1.7648183333243884e-23]
Perro_08=[0.000739059329790436, 6.887457983159467e-08, 3.249854970425202e-11, 2.6131745521481562e-12, 2.3047004085968414e-23, 5.840578759711304e-16, -6.982631605769839e-24]
Pino_14=[0.0007190485851966881, 6.921894914954326e-08, 6.329563416943867e-11, 2.445816327036871e-12, 3.04312946863039e-23, 6.434210885781129e-16, -9.703463495042717e-26]
PezAngel=[0.0007049548116322618, 8.585933450599118e-08, 2.4531897662958533e-12, 3.938215956306785e-16, 5.135483138750884e-31, 5.616277026841203e-20, 1.223016537802135e-29]
Mont_10=[0.0011137332452183448, 7.569650115117991e-07, 1.815045449997049e-10, 3.1399752637326185e-11, 1.6421533263406018e-21, 1.2213633918251258e-14, 1.7095101631364786e-21]
Dragon_09=[0.0009085454626810156, 1.7509671098829883e-07, 1.829349644352559e-10, 2.2470587617486253e-11, 1.0400424055446673e-21, 2.441606094392452e-15, 9.969424940257256e-22]
Car_14=[0.001171022799297861, 9.317595691956944e-07, 7.876141915456243e-11, 1.4156198762600407e-11, 2.933468619094191e-22, 3.730840314010704e-15, 3.7065319866376323e-22]
Car_01=[0.0006535922779756433, 0.0, 0.0, 0.0, 0.0, 0.0, 0.0]
Sombrero_01=[0.0007201436546422034, 7.862666092767528e-08, 2.865402113149778e-11, 1.0784642150958156e-12, -5.969421331127669e-24, -3.0197203953819677e-16, 5.550269074370038e-25]
Dragon_08=[0.0007449507723919152, 1.029510047821368e-08, 6.958949046716063e-11, 6.320260385249766e-13, -1.2839740036648807e-24, -6.143844727740377e-17, -3.9900466806979884e-24]
Mont_05=[0.0009904662908052752, 4.971717085116985e-07, 2.358929328057094e-10, 7.320499592213205e-11, 9.393855825455689e-21, 4.574984162052186e-14, -2.0729427244120967e-21]
Mont_11=[0.0009694803421847327, 4.2438863472971155e-07, 2.1939268254316646e-10, 1.2642776005659159e-11, -6.261718737889376e-22, -7.99041825272626e-15, 2.264102429280091e-22]
Perro_09=[0.0011383335847628463, 7.525095496372206e-07, 7.821927925126818e-11, 5.094236877649027e-12, -5.68295009744983e-23, -1.9265169665129746e-15, 8.432756508583464e-23]
Pino_15=[0.0008377686875113899, 4.8491619071604767e-08, 2.4424242628559736e-10, 4.514649889062168e-12, 1.4478194129800658e-22, 9.509940204816696e-16, -3.8895501741110235e-23]
Pino_01=[0.0009492771206882835, 2.6418659588949743e-07, 5.372540332905095e-10, 7.788760505777763e-11, 1.5932807542972586e-20, 4.0033509598118624e-14, -8.173500274743692e-24]
Elefante_03=[0.0009339284471869433, 1.8983146306410368e-07, 7.010160637445808e-11, 1.5206758796818788e-11, -3.9440420099947127e-22, -3.851622357163832e-15, 3.0159120736415644e-22]
Deportista_14=[0.0017675554486093774, 6.354480187298074e-07, 3.114807148613296e-09, 1.7891389301780752e-10, -1.1648472371885738e-19, 1.255425263364676e-13, 6.53453566031338e-20]
Busto_04=[0.0008835137098506922, 2.2059849046537736e-08, 4.931119415796695e-10, 7.832020405678127e-12, 4.808560138589984e-22, 1.1327477886758235e-15, 7.535598814305542e-23]
Oso_02=[0.0010765319135593462, 6.803904579994146e-07, 5.155518361675164e-11, 6.880711710261095e-12, 7.770553669341562e-24, -2.0616680387468907e-15, 1.2936121987664521e-22]
Oso_06=[0.0006866895440918242, 1.1117714529509899e-08, 4.534122309136145e-12, 4.73827366711244e-13, 4.600648110150848e-25, -4.982212070048714e-17, 5.202699152530252e-25]
Rombo_01=[0.0006774390122354177, 3.172773888243841e-08, 1.6311637462256e-17, 1.9778581948237138e-18, 8.344583900809432e-36, 3.167163326455074e-22, 7.521621805381244e-36]
Pino_05=[0.0007536305659234207, 1.3319367240765502e-08, 2.274190315424226e-10, 6.19908606505081e-12, 2.326276244392651e-22, 7.131074776387803e-16, 7.79397243557819e-24]
Pino_11=[0.0009245888722675133, 2.507143247016692e-07, 2.305317838541444e-10, 1.981735603239914e-11, 1.3394729605404812e-21, 9.921912468747786e-15, 4.274590636023276e-25]
Deportista_10=[0.0017675554486093774, 6.354480187298074e-07, 3.114807148613296e-09, 1.7891389301780752e-10, -1.1648472371885738e-19, 1.255425263364676e-13, 6.53453566031338e-20]
Elefante_07=[0.000938169996814026, 1.6121929656603736e-07, 2.169727586240764e-10, 3.179415125661086e-11, 1.45542801963078e-21, 1.1447067890762927e-14, 2.2034443205493212e-21]
Bailarina_03=[0.0016188061399775955, 2.8409492384723694e-07, 3.3934858383026797e-09, 6.030004455898601e-11, -2.721249160447644e-20, 9.519367546048506e-15, -1.877458762355063e-21]
Deportista_04=[0.001005863385172344, 2.2276686514220326e-07, 1.8115180701700056e-10, 4.9536042624161016e-11, 4.671697639634437e-21, 2.281574978568466e-14, 4.412456072434397e-22]
Mont_01=[0.001662207184941938, 2.258804293085414e-06, 5.7916429616140736e-11, 5.891185770970358e-12, -4.435203342122664e-23, -5.666475177167443e-15, 9.937044228445078e-23]
Globo_Fiesta_01=[0.0006461237238759299, 2.4872917201174213e-08, 2.6298210570220432e-12, 8.55216602207955e-14, 4.050596500480886e-26, 1.3451824747248403e-17, 2.0552051359944875e-27]
Escudo_09=[0.0006680616839282362, 2.957614592996365e-08, 2.3438732577056828e-11, 3.9357937107877254e-14, 3.7668314640290515e-26, 6.7607019548070234e-18, -3.177165162880567e-27]
Trapecio_01=[0.000758742865827675, 1.0483026603296493e-07, 1.1111261365248605e-10, 5.3571931348437586e-12, -1.307036259813183e-22, -1.7345251938082738e-15, -9.710951226231067e-27]
Car_11=[0.0035035235004905172, 1.0592252689624882e-05, 1.13992232981693e-08, 5.91688089733988e-09, 4.7405325511787884e-17, 1.843951902104246e-11, -1.067937820236499e-17]
Car_05=[0.0010422598341863123, 6.009433382014575e-07, 8.780190929497101e-11, 8.535294037472983e-12, -1.7375248812332455e-22, -5.445473962745781e-15, 1.5622386612286266e-22]
Car_04=[0.0011164178362577137, 7.641010710199747e-07, 1.5719636006608005e-10, 1.936940167018103e-11, 1.8619800974300244e-22, -2.6276630454835737e-15, -1.0524538168775623e-21]
Mickey_Mouse_01=[0.0007385568064142391, 6.347655985512855e-09, 1.329684234922722e-10, 3.6522344264306345e-12, -7.958106003549606e-23, -2.856637718817115e-16, 1.2025347189935642e-23]
Car_10=[0.0017365797463488161, 2.547789525310382e-06, 1.0723482829634733e-10, 1.285425261975775e-11, -1.6751371014228856e-22, -1.2532128988246883e-14, 4.468764698699076e-22]
Muerdago_01=[0.0008280750048593392, 3.475248647932695e-08, 7.475795402605847e-11, 6.027102708116193e-14, 7.075350856633634e-26, 1.1032507711805525e-17, 1.0659020817887772e-25]
Escudo_08=[0.000645961925676013, 4.305446648864389e-09, 2.715047493324737e-11, 1.8359938865015668e-14, 1.2960900773564941e-26, 1.2047002293214234e-18, 2.1613239173391596e-28]
Lobo_01=[0.000981269886293526, 1.696543526713496e-07, 2.022472184055902e-11, 1.5950106384212267e-11, 2.763368778162465e-22, -5.719319564572778e-15, 7.553693043121281e-23]
Deportista_05=[0.002188039190013434, 1.0951528313802414e-07, 1.6012018586686585e-08, 9.137188222151291e-11, 2.0654202559610042e-20, -2.9336266977205196e-14, 1.0857316375196605e-19]
Bailarina_02=[0.0010468750826353756, 7.865372921701324e-08, 2.419493570191786e-10, 1.7722494831568327e-11, 1.1198648295002567e-21, 4.6977248930467094e-15, -3.044506072114982e-22]
Deportista_11=[0.0015668728994830457, 6.761931778605647e-07, 6.409185658892164e-10, 2.296835314764593e-10, -2.8576962917651556e-20, 1.5001179881323969e-13, 8.336227230207372e-20]
Elefante_06=[0.0008339910426222799, 1.0717308115139359e-07, 1.3670985247893057e-12, 4.4611146531812256e-12, 1.0383375225622679e-23, -5.656702848477952e-16, 3.682488565178082e-24]
Pino_10=[0.0008244376357904665, 1.666814410907336e-07, 1.5728875909696816e-10, 3.087834155433184e-11, 2.1494779678672124e-21, 1.2484189221859327e-14, -1.0287100975809997e-22]
Pino_04=[0.0009488410850354166, 3.5413512483477327e-07, 1.509601167148902e-10, 1.675316177073952e-11, 8.37904170611332e-22, 9.915434384947928e-15, 8.799823846845318e-23]
Oso_07=[0.0010648463728292112, 6.614679454997671e-07, 4.7353407850958836e-11, 5.523982591899667e-12, -2.3154725222503904e-23, -2.5963809435946104e-15, 8.628900794717745e-23]
Busto_01=[0.0008261626915831653, 4.3651457809064796e-08, 3.045421332667034e-10, 1.0570690597116603e-12, 1.6324820211589134e-23, 1.9342136489146292e-16, -9.654757974165206e-24]
Busto_03=[0.0010826859377868745, 3.135596431206351e-07, 3.8502116525712827e-10, 3.92853813854868e-13, 4.719557016070322e-24, 2.1760069479000974e-16, 1.0343609333865417e-24]
Oso_05=[0.00086178316787408, 2.0435463335101927e-07, 1.0326877573384639e-10, 1.538696279476552e-11, 4.789208513037499e-22, 6.32616869351873e-15, -3.8320042996041964e-22]
Oso_11=[0.0007229296660141915, 9.110686565978601e-08, 3.3132453436958594e-12, 1.40075911063995e-12, 2.9974369855418316e-24, 2.962170250577427e-16, -3.4887485651462277e-25]
Busto_Perfil_20=[0.0007314469837176717, 7.387449123394904e-08, 2.9539096906790533e-11, 5.223526680168467e-12, 6.486239670576388e-23, 1.4124196358913999e-15, 1.712652650592474e-24]
Busto_Perfil_08=[0.0007565584254751534, 4.712987233411426e-08, 4.525211565710033e-12, 1.1144442478565025e-11, 6.499286831637689e-23, 2.408555348983797e-15, -4.5159512878802e-23]
Guitarra_01=[0.0018633377302006322, 2.4243075541102874e-06, 8.271217272474185e-09, 6.285714400653949e-09, 4.5321320684158176e-17, 9.784335023477802e-12, -3.6552432454895484e-19]
Pajaro_09=[0.0010809066755872688, 1.1249523496821299e-07, 5.06787578662314e-11, 2.2665774142360702e-11, 4.841775366824045e-22, 5.203779453024025e-15, 5.963962125064677e-22]
Pino_12=[0.0009844533554651072, 3.133574495419512e-07, 1.536332131960561e-11, 4.066160749641751e-11, 9.211376972249463e-22, 2.2172171283177698e-14, 4.293703410041159e-22]
Pino_06=[0.0009768566731468528, 2.823560795299959e-07, 2.701927698106901e-10, 4.143683491715279e-11, 4.384390195590742e-21, 2.201795582967645e-14, 2.581266554456555e-23]
Deportista_07=[0.0016280576050105443, 1.0774153215868429e-06, 6.677023978602599e-10, 1.1073181225145159e-10, -2.829441399415653e-20, -1.142079565245823e-13, -1.0295322447171948e-20]
Elefante_04=[0.0009526011628351932, 1.1139389653827757e-07, 4.209808733996832e-11, 3.661836983187975e-11, -1.4143278158218767e-21, -1.1880734653997317e-14, 2.5839276773907176e-22]
Mont_02=[0.0007258633956599972, 6.742971089338702e-08, 4.1635293427918704e-11, 1.155295192630274e-12, -7.505392218816507e-24, -2.846431042483444e-16, 2.8053343326188374e-24]
tae_kwon_do_01=[0.001262017018229427, 2.3028471467936158e-07, 2.121487362410213e-09, 1.8176746748259452e-10, -2.0672986857753615e-20, -1.9851199894831914e-14, -1.109648564534332e-19]
Lobo_03=[0.0009317990852459074, 3.391394299340358e-08, 1.8022597853880145e-12, 2.171579345874783e-11, 1.241366411012867e-22, 3.999924589658092e-16, -5.519409680848264e-23]
Bailarina_06=[0.001703129863429818, 1.0938400868149113e-06, 7.212569720275716e-10, 2.8962237203124057e-10, 1.2405740249590623e-19, 2.8174156666157723e-13, 4.617216125895544e-20]
Muerdago_03=[0.0013094200237715754, 4.1738834611355474e-08, 2.1005727806236953e-09, 1.4162409918292131e-11, 2.4290773297314173e-21, 2.874822662371584e-15, -2.5785574475049542e-22]
Car_06=[0.0011663065261188345, 9.167150754143726e-07, 1.064787090458545e-10, 2.7949005837137278e-11, 1.2925847437797247e-21, 1.5568785001923216e-14, 8.0863939633511e-22]
Car_12=[0.0008149641891021871, 2.4789954843854585e-07, 1.2295453341648905e-11, 2.7604146108070717e-12, 1.6056422914249872e-23, 1.3167067329309782e-15, 9.024929784858202e-25]
Mickey_Mouse_02=[0.0009923734993491594, 1.6267136242689047e-07, 7.662428982688057e-11, 2.8193358210038178e-12, 3.8705431257695004e-23, 8.899190075631918e-16, 1.479980667021675e-23]
Car_13=[0.0012430583147968696, 1.1025554590514288e-06, 1.1958681864391984e-10, 3.936444724905077e-11, 2.4982882152944627e-21, 2.955161444414437e-14, -1.026187263959372e-21]
Car_07=[0.0009356709974647883, 4.4459246994559666e-07, 4.167705584150706e-11, 8.816339959343529e-12, 1.4873863194448361e-22, 4.608490501504691e-15, -8.023135396616334e-23]
Twitter_01=[0.0007646234784737212, 5.2271461443496714e-08, 6.35815222590292e-11, 3.093765124890686e-12, -3.2203540403951867e-23, -5.920895456991623e-16, -2.90806329916478e-23]
Muerdago_02=[0.0013013982597319556, 5.466787752395705e-07, 3.958710459453604e-10, 3.45218672572394e-11, 3.9533000608920925e-21, 2.528063839209154e-14, 8.11325463885932e-22]
Lobo_02=[0.0009153921294621234, 3.4983404393655057e-07, 1.4104373968069843e-10, 2.6662476863634403e-11, 1.631635083554443e-21, 1.5767324829246722e-14, 1.0542144086594154e-22]
Mont_03=[0.000941394646147209, 1.7961998332138297e-07, 4.7872291372122265e-11, 2.080706089150258e-12, -6.3319531310592614e-24, -6.611840481666893e-16, 1.977735523469029e-23]
Elefante_05=[0.0008735654197285748, 7.852852346450406e-08, 1.0209577998841965e-11, 1.2245474932163133e-11, -1.355511835847641e-22, -3.288934202676704e-15, -1.9313269127577865e-23]
Deportista_12=[0.0015941032074645077, 6.381572558348549e-07, 1.4947298197811246e-09, 3.059140119826055e-10, 1.6377908800957106e-19, 1.3578235704631424e-13, -1.263654827956408e-19]
Deportista_06=[0.0014571330520571453, 8.106814653814435e-07, 9.612400836411795e-11, 9.637535976722344e-12, -1.6563016403095317e-23, 4.355836681806623e-15, 2.928677390568229e-22]
Bailarina_01=[0.0016680723510886682, 1.7461621956932857e-07, 4.916766509072718e-09, 2.5106658316844855e-10, -2.378349607401979e-19, 1.3004369292875963e-14, 1.4576174199339059e-19]
Pino_07=[0.0008764041004034117, 2.0872026993503557e-07, 1.834114330461774e-10, 1.9389961939000003e-11, 1.156321195693044e-21, 8.858352480974049e-15, -9.626766032060932e-25]
Pino_13=[0.0007362896837145201, 9.948980984234067e-11, 1.4403020357404875e-10, 3.966483631387565e-13, 2.975029244964075e-24, -3.771434353093818e-18, -3.70616266931791e-25]
Yeti_01=[0.0010531835198974728, 2.4367771872685994e-07, 7.363970513868402e-11, 5.0303025516097634e-11, 7.652549584543145e-23, 2.214994585614309e-14, -3.0606345177480394e-21]
Pajaro_08=[0.0010106181707891584, 5.374003487857916e-08, 7.865675877831414e-10, 4.141590582979494e-12, -2.1613147964664447e-22, 3.9768425296146273e-16, 9.573273830613457e-23]
Busto_Perfil_09=[0.0008156057157718605, 9.792901375746653e-08, 1.9733000750397762e-11, 6.7014425117476926e-12, -4.021821790849363e-23, 1.0876325894408613e-15, 6.573648660673412e-23]
Oso_10=[0.000993009439548543, 3.555389044027886e-07, 4.893774797897757e-11, 9.793735779824708e-12, -1.3689554093900696e-22, -4.582218928689562e-15, 1.6501866276106402e-22]
Busto_02=[0.0009081677016695002, 3.7006423195497064e-08, 5.264779478774273e-10, 9.157814655321376e-12, 6.256488472695566e-22, 1.7494626530598808e-15, 1.136306492118339e-22]
Oso_04=[0.0007657774084999368, 1.0446162140589125e-07, 1.1460071948611152e-11, 3.337410653382963e-12, -3.775844506900587e-24, 2.678793595376743e-16, -2.0291613032629566e-23]
Oso_09=[0.0007621103338362836, 7.016202808838556e-08, 1.1240157309384065e-11, 9.58126432446104e-13, 9.526676543107742e-25, -2.0890850020416719e-16, 2.9964788096834333e-24]
Busto_Perfil_10=[0.0007311831956577943, 8.403113219116047e-08, 1.0047107774458834e-11, 5.334310057176878e-13, 1.0044769665153556e-24, 4.889069270336974e-17, -7.183641383811699e-25]
Busto_Perfil_04=[0.0008608887777463444, 2.242393993445716e-07, 1.0762053967283369e-11, 1.8689292714393196e-11, 2.64539114131007e-22, 8.837833272150028e-15, 1.6537685736898177e-23]
Pajaro_05=[0.0014471337876972015, 5.793848891687091e-07, 2.6075811142253684e-09, 4.6171277595491194e-10, 4.373480354825471e-19, 3.1423195145720616e-13, 2.557028078190642e-19]
Perro_02=[0.0013548494739980884, 6.621092806215522e-07, 2.7329885479777744e-10, 4.184125028975292e-12, -1.3897878395696096e-22, 2.2001416960406353e-15, 2.6539227278290973e-23]
Elefante_08=[0.0008897644918600073, 1.8278363837328352e-07, 6.188841260328243e-11, 9.868006842413189e-12, 9.887691014880028e-24, 1.8998595081090544e-15, -2.4366410631943943e-22]
Pino_22=[0.0008543242234973424, 1.6810065422000177e-07, 2.081212284996809e-10, 2.2724164503445776e-11, 1.5602080305336098e-21, 9.308523604870449e-15, 8.913400216873864e-23]
Hada_02=[0.0013794870876308325, 7.284651220564052e-07, 6.156275639517902e-10, 2.745700935587869e-10, 9.362549872011878e-20, 2.2670961643107287e-13, -6.306698069456044e-20]
Penta_01=[0.0006783360315641871, 7.270963799679546e-13, 5.88605858867534e-16, 8.910120750208633e-17, -4.7126268577017386e-33, 3.00638167834863e-23, -1.9853393555620187e-32]
Busto_Perfil_Skinner=[0.0008960917860791643, 2.594254679049799e-07, 5.135278136703992e-11, 1.2679639791800432e-11, 2.0158994987445996e-22, 1.2430850259032591e-15, 2.5307420889298743e-22]
Escudo_12=[0.0006654206398792471, 5.622445230106867e-13, 3.590093751049567e-12, 3.7925708984430317e-16, -1.3991985119543472e-29, -2.8311897609202818e-22, 2.5853229470988212e-31]
Yoga_06=[0.0008535801483211347, 7.016915562061043e-08, 2.189246129717681e-10, 1.8407001796262338e-11, 8.458426136720326e-22, 3.6636768987462414e-15, 8.061634564388198e-22]
Escudo_06=[0.0006511567500178025, 9.785796446884521e-09, 2.8113541725270183e-11, 1.0418638517937111e-13, 1.7820641589308355e-25, 1.0301472592919377e-17, 6.059294283771991e-27]
Zorro_01=[0.0013188739896976068, 1.0231841801192614e-06, 1.5221607178148613e-10, 1.8512034703088493e-11, 9.817431796561834e-22, 1.598130871015732e-14, 4.2866261862199214e-23]
Dragon_03=[0.000925972026851535, 3.3224573615125416e-07, 7.298051420668072e-11, 8.264825123578511e-12, 9.908236754550507e-24, -2.2155413553790428e-15, 2.02738360437125e-22]
Corona_02=[0.001297841144784552, 3.4434338988934985e-07, 2.5146474696658154e-11, 3.166414061414006e-11, -8.330695768243254e-22, -1.8006606807303062e-14, -3.2298760441225348e-22]
Corona_03=[0.0007657084082330901, 3.015476654731599e-08, 3.5330308470273787e-12, 7.20178930850691e-12, -3.48685856822805e-23, -1.1848850899060389e-15, -1.0191262064337565e-23]
Dragon_02=[0.0008027537436143019, 9.25617307465192e-08, 2.0497818659626837e-11, 5.834698477461276e-12, 4.8222726942027287e-23, -4.62328930724606e-16, 4.178693487156768e-23]
Escudo_07=[0.0006717841022546123, 5.321852210556811e-08, 1.1844014922146055e-11, 5.607607631905699e-13, 1.4451598927000082e-24, 1.2936268561253292e-16, -3.164387283425484e-38]
Escudo_13=[0.0006387081666604811, 1.0466478704593828e-08, 3.8354013621618956e-12, 4.670043015866712e-14, 1.976454080099536e-26, 4.777723987468195e-18, 1.785770821568755e-30]
Cruz_01=[0.0016863457310436186, 3.545640336264103e-07, 1.5938275037035179e-09, 4.4768405430144077e-10, 3.781621368864599e-19, 2.6657469746905803e-13, -1.88383032565943e-22]
Hada_03=[0.0016771263622369112, 1.3122237621252943e-06, 2.4860689144201022e-09, 5.995873101815078e-10, 5.977121517784825e-19, 4.919538029598605e-13, -4.2263906319482176e-19]
Pino_23=[0.0011268470170580365, 4.709870844477297e-07, 5.4555190710817134e-11, 3.8230809211703386e-11, -1.74325648269395e-21, 2.6224057706889904e-14, 9.741203215010615e-23]
Toro_01=[0.0009869139536946303, 1.3035679758713575e-07, 3.206585286855038e-10, 2.5853330002624653e-11, 2.344929066704315e-21, 9.10963344696389e-15, -2.0581586076664193e-22]
Elefante_09=[0.000938169996814026, 1.6121929656603736e-07, 2.169727586240764e-10, 3.179415125661086e-11, 1.45542801963078e-21, 1.1447067890762927e-14, 2.2034443205493212e-21]
Perro_03=[0.0011710796240128542, 4.590784185810289e-07, 8.245915581665627e-11, 4.758300820999281e-12, -9.18930195528882e-23, 1.7937825610487966e-15, 2.0961559116781138e-23]
Pajaro_10=[0.0008741933799282398, 2.345908461397936e-07, 3.480533084904211e-11, 8.661060269725167e-13, 3.656721973085568e-24, -3.546955661282699e-16, -3.0399710999948384e-24]
Pajaro_04=[0.0010806226041165565, 1.1181878100560388e-07, 5.0459531616687245e-11, 2.2607543370683463e-11, 4.790986541808196e-22, 5.147125441313898e-15, 5.945680515369089e-22]
Busto_Perfil_05=[0.0008251949093117742, 1.4906219407843253e-07, 1.4191777807841505e-10, 2.255783385258326e-11, 1.1801062016195097e-21, 6.519784481457218e-15, -4.86188218122992e-22]
Busto_Perfil_11=[0.000915652595352405, 2.222729359595581e-07, 3.067565252331655e-11, 4.876553585360191e-11, 1.1520163203406825e-21, 2.0852158071606164e-14, 1.493405272829199e-21]
Oso_08=[0.0007133288897574756, 1.2566941539397182e-08, 1.2537957387279122e-11, 1.92720758733013e-12, -4.536806930082602e-24, -1.3437480465445173e-16, 8.316417490711585e-24]
Busto_Perfil_07=[0.0007419810027678665, 8.987439385865944e-08, 2.6581557175094362e-11, 5.631041562022004e-12, 6.888473420350607e-23, 1.5492764126127752e-15, 1.0486929825613129e-24]
Busto_Perfil_13=[0.0007855471502053162, 1.4149475381851617e-07, 3.85658866073493e-11, 9.960416922099765e-12, 1.9498487623748317e-22, 3.704291995441989e-15, 9.519878157871465e-24]
Cisne_01=[0.0010082457809024675, 2.6919658908454036e-07, 2.5211813152189533e-10, 2.120370811962073e-11, 1.5331888986478783e-21, -1.5343717619020125e-15, 2.2979637261785754e-22]
Pajaro_06=[0.0016621225468842133, 1.7190206020093563e-06, 1.627394965518533e-10, 1.4938682608886071e-15, -3.127010525406747e-28, -1.4244779411445042e-18, 6.669000565218486e-28]
Perro_01=[0.0008546363226432682, 1.6028935121923107e-07, 1.6384354938260668e-10, 5.908788393460772e-12, 1.2486356201006861e-22, 1.5888733229556511e-15, 1.3494335966910035e-22]
Pino_09=[0.0010094453704719882, 3.733901274068343e-07, 2.9160681541717956e-10, 3.4364913882819796e-11, 3.4400993842127034e-21, 2.0998804084188857e-14, 6.330883837273828e-24]
Toro_03=[0.001559410618109, 1.0548447434062328e-06, 2.5978176650009362e-09, 2.5854081220142416e-10, -1.927020227699194e-19, -2.4996699334378033e-13, 8.809497909942519e-20]
Pino_21=[0.0008487354974727067, 2.072809091945548e-07, 2.0696347191305436e-10, 2.6781540618941258e-11, 1.993848710126102e-21, 1.219302785291453e-14, 1.2089691217232239e-23]
Deportista_08=[0.0015662975059334856, 1.1255936530925134e-06, 1.815800485869409e-09, 3.220491338108775e-10, 2.0699316261701751e-19, 8.328599520386662e-14, 1.3343294717603986e-19]
Hada_01=[0.0013584014357340293, 6.43657145334395e-07, 6.950143989166886e-10, 8.550474775619684e-11, 1.1334552862621437e-20, -1.9561708005123622e-15, -1.7492930341671792e-20]
Penta_02=[0.0006347413030904521, 9.568166946997333e-12, 4.007558556434414e-15, 5.342914619374205e-18, -7.6478333406542455e-34, -1.6380885923052008e-23, -1.623280932280386e-34]
Saludo_01=[0.001368086184306397, 1.2942874220485089e-06, 4.4959892549049706e-10, 1.6480041236676198e-10, 4.308977119282412e-20, 1.6505225675845423e-13, -1.247421330588393e-20]
Cruz_03=[0.0012367388263219686, 5.299162097867768e-13, 1.9590100630358585e-15, 2.7529642667914764e-16, 1.130697675123662e-31, -2.3174414856978166e-23, -1.6759595490636738e-31]
Yoga_05=[0.0008734039505195077, 9.374029513218518e-08, 8.664453848743512e-11, 1.4878355519403132e-11, 4.932384766198178e-22, 4.054145643349746e-15, -2.0514452586243956e-22]
Escudo_05=[0.0006496587603450837, 1.0608931124437257e-08, 1.0878101189622565e-11, 3.683548744476105e-14, -2.3294188783057257e-26, 3.791568589675938e-18, 1.0353922286431726e-27]
Escudo_11=[0.0006412369526800229, 9.08034992086446e-11, 6.164143602085871e-13, 1.1116652940094674e-13, -2.9100298518314216e-26, -1.059315497794163e-18, 1.5603958692941387e-30]
Corona_01=[0.0009591268784326008, 9.093217154057667e-08, 8.597860070281365e-12, 4.922778560215925e-12, 3.202605803049699e-23, -1.4844349170376258e-15, 1.8378425955713161e-25]
Car_09=[0.0015194067011064245, 1.6850236264130972e-06, 1.5348520300329053e-10, 2.7753569422865957e-11, 1.1277556456133966e-21, 8.261364944628652e-15, 1.4174957803061724e-21]
Car_08=[0.0009295051421448583, 4.246031607065289e-07, 5.4641939935179155e-11, 7.393461154892576e-12, 1.0941212903699414e-22, 2.3357809250608867e-15, 1.005612593695338e-22]
Dragon_01=[0.000800112467876543, 2.6734176696727632e-08, 3.674295446763744e-11, 1.0941070834714014e-12, -9.239541001360298e-25, -1.3641613425833596e-16, 6.875274922405e-24]
Escudo_04=[0.0007375654212134367, 3.117055532979579e-08, 1.8188042319113454e-10, 1.636667099989026e-12, -2.823797073472726e-23, -2.889565982149475e-16, -9.149752974886233e-27]
Yoga_04=[0.0008495232209800082, 4.5088225463613904e-08, 2.1952918141971514e-10, 1.780684293954145e-11, 8.0087736957369305e-22, 2.769520979077683e-15, 7.733783179692398e-22]
Cruz_02=[0.0013734727408995157, 4.433843975613497e-07, 8.969786341918531e-10, 2.0658245749102686e-10, 8.892650180937209e-20, 1.3755729996014228e-13, -1.104653273547279e-34]
Toro_02=[0.0008660031588180906, 4.3251973033063855e-08, 3.643934462278039e-10, 2.544026359140346e-11, -2.4494352124023632e-21, -5.290805125467031e-15, -6.91785313577567e-24]
Deportista_09=[0.0016299535277659774, 1.380494721831096e-06, 1.7692463136683415e-09, 2.2575574306904583e-10, 8.2636446902864e-20, -4.767035986653164e-14, -1.1630904172403512e-19]
Pino_20=[0.0008083621646514505, 1.4508722260016463e-07, 1.7999106093900474e-10, 1.4715864859997497e-11, 7.573333866899571e-22, 5.6049942472893245e-15, -6.711274338432785e-24]
Pino_08=[0.0007425231350437294, 1.9182188462853388e-08, 1.0950999414747516e-10, 1.148081047881447e-12, 1.2591167361764073e-23, 1.5710021417206323e-16, 2.6797685036850807e-24]
Pajaro_07=[0.0010002528619432118, 3.7845056708455114e-07, 1.949428262649043e-10, 3.949616419326585e-11, 2.6470959435675302e-21, 2.3878408153949924e-14, 2.236891890233274e-21]
Busto_Perfil_12=[0.000758525734553701, 1.0977511385895662e-07, 4.168580385623872e-12, 3.2195747542962288e-12, 1.1581684665201194e-23, 9.832216245072646e-16, -2.2321977683288266e-24]
Busto_Perfil_06=[0.0008554256805282326, 2.085978327166705e-07, 1.2358576337422504e-11, 2.42395026132369e-11, 4.1911214353878017e-22, 1.1068037621694945e-14, 1.8865530887817863e-23]
Busto_Perfil_02=[0.0006805750400893781, 1.0175737394331351e-08, 4.0289473259618006e-11, 1.8064364275996462e-12, -2.7987615402990324e-24, -5.180953573960207e-17, 1.5154694284345652e-23]
Busto_Perfil_16=[0.0007584139194858165, 1.097600666256986e-07, 4.150413240025964e-12, 3.2271123036231546e-12, 1.1602503686735119e-23, 9.860285522770484e-16, 2.2065488656654986e-24]
Busto_09=[0.000985401352338057, 4.256400112995163e-08, 7.424054180503039e-10, 7.425400470786754e-12, 5.0735039410781585e-22, 1.3312550433822807e-15, -2.1574201685945973e-22]
Puercoespin_01=[0.000798509576819978, 1.5547342248042245e-07, 4.464932221175952e-11, 7.127422213497356e-12, 4.4888146658626745e-23, 1.5380465787686789e-15, 1.1895973018035557e-22]
Bosque_02=[0.0013637377729995898, 1.1632064029439963e-06, 1.7063184011672554e-10, 4.976061275044669e-11, 4.020075587448135e-21, 4.833676988818123e-14, -2.205240017340494e-21]
Pajaro_03=[0.00155877376283356, 2.2580209583608458e-08, 2.6451389242354145e-09, 1.1963515140957385e-09, 1.1553147748198905e-18, -7.775221777609053e-14, 1.787311727984125e-18]
Pino_24=[0.0007638851127127975, 1.3371748497589912e-07, 5.2299928653969354e-11, 6.001286397347934e-12, 1.0632050839759802e-22, 2.1944698105224345e-15, -4.1450652300676007e-26]
Pino_18=[0.0007352693601255266, 9.213945606053688e-11, 1.4239337228232356e-10, 4.1316134696176394e-13, 3.153837788640964e-24, -3.766198929530315e-18, -3.0978833724824505e-25]
Perro_04=[0.0007830615371762879, 6.448845983163847e-08, 1.4110838180466337e-10, 2.0603096600214497e-13, 1.09678461679547e-24, 5.0573219962031053e-17, -1.765315213672515e-25]
Perro_10=[0.0010179368439538644, 3.52654966941578e-07, 2.457246836434777e-10, 3.067826983040408e-11, 2.4030680407141844e-21, 1.675979781509556e-14, 1.1489490236768423e-21]
Mont_08=[0.0008818864591438678, 1.922987296106662e-07, 2.642536052141267e-10, 1.1809534809861459e-11, 2.163365710451498e-22, -1.0334503738449562e-15, -6.232406908993119e-22]
Forma_02=[0.0007265701369673938, 1.0885055590297507e-07, 7.518678577449044e-14, 2.170459775409237e-15, -2.772671203685049e-29, -7.160891067823728e-19, 1.3235728247505425e-41]
Cruz_12=[0.0015903967899498573, 6.428710524533726e-07, 4.896415398786956e-13, 7.468503821112706e-14, -1.4273600146703347e-26, -5.92378281360706e-17, 4.902468846460247e-28]
Cruz_06=[0.002623091070307047, 0.0, 0.0, 0.0, 0.0, 0.0, 0.0]
Dragon_05=[0.0008162896373962924, 1.0374981867610515e-07, 2.3697229767164927e-11, 7.515366465309923e-12, 8.156428378560518e-23, -3.9933057501513264e-16, 5.836190091965793e-23]
Dragon_11=[0.0009330088903253169, 1.6432709367155618e-07, 3.977829831154887e-10, 8.282650299954059e-12, -4.747717122075381e-22, -3.3198393057002498e-15, 2.481176557886565e-23]
Corona_04=[0.0017345818243926212, 1.4385728445154677e-06, 7.340574192810929e-10, 2.3844792071041398e-11, -3.1409736129085236e-21, -2.8530466223457837e-14, -2.937537697280251e-22]
Corona_05=[0.0010419314930453709, 1.7112878473575707e-07, 1.2603814292069579e-11, 1.8088134987565348e-11, -2.7311251546570884e-22, -7.482646920473113e-15, -1.6688407203453242e-25]
Yoga_01=[0.0009437885231997954, 2.4711534590201775e-09, 1.7013724386604287e-11, 1.8484286315330516e-11, -3.270964670849178e-22, 8.087706638818963e-16, -2.1404604966823464e-23]
Osito_02=[0.0007403342682597569, 5.005694265222339e-08, 8.03639400961704e-12, 4.315849199976957e-13, 8.037615801772644e-25, 9.656003385085713e-17, 2.8655170519694115e-27]
Escudo_01=[0.0006456395010759771, 4.0201458201628045e-09, 2.6995825136399534e-11, 1.585465525520244e-14, 1.0362536866646699e-26, 1.0050752433471455e-18, 4.545523480770761e-28]
Dragon_10=[0.0008114689653830522, 7.543576004884213e-08, 1.0516897385293242e-10, 2.199010681128395e-12, 3.2740685261536014e-23, 6.039254635254875e-16, 6.810043950661077e-24]
Piramide_01=[0.0007693293883345987, 6.490322942455179e-08, 2.0751248274528525e-10, 3.1413593012106267e-12, -7.307858421166211e-23, -7.42488063903723e-16, -3.304960404346414e-23]
Dragon_04=[0.0008876271404163417, 2.676018288144155e-07, 1.8135516112807754e-10, 1.0956934907470216e-11, -1.6621398810329683e-22, -3.590440587998418e-15, 4.592740538443561e-22]
Cruz_07=[0.0012766448964498154, 2.8616051222388973e-07, 5.813550933073209e-10, 1.3843453730203663e-10, 3.927239805732992e-20, 7.405413233261168e-14, -4.928041777424228e-25]
Forma_03=[0.000629797536079076, 1.6782759298926164e-09, 3.603261060359184e-15, 2.0379785924912885e-15, 5.209185938736237e-30, 8.346116019012257e-20, 1.8341244814533122e-30]
Mont_09=[0.0009652338391450512, 4.2638735617097105e-07, 2.29881007353038e-10, 1.5772950377055352e-11, -9.49487432890686e-22, -1.0297329847400645e-14, -2.338949552360143e-23]
Perro_11=[0.0008535161071442756, 2.0184526648093893e-07, 1.5753407583599922e-12, 1.310715845863948e-12, 1.880718880721016e-24, 5.887658374251435e-16, 1.0106824192658353e-25]
Pino_19=[0.0008565430529132632, 1.098953600991348e-07, 3.893905248124946e-10, 2.3416379746034587e-11, 2.2256191740182588e-21, 7.753153643698636e-15, -2.152376536210802e-22]
Perro_05=[0.0008309631880314028, 1.2485165609166475e-07, 4.980083931701839e-11, 2.12939212156443e-12, 7.413637625268608e-25, 4.730161716445742e-16, -2.191560412142106e-23]
Pino_25=[0.0008625710151349368, 2.0552234601589345e-07, 1.0418142621821281e-10, 4.490779558919045e-12, 9.036930981369239e-23, 1.8365614449440514e-15, -3.5618582601614776e-23]
Libelula_02=[0.0015063478121739428, 1.0569681134104303e-06, 4.192526214373533e-10, 4.122731378634907e-13, 5.414591165316185e-24, -4.236625863136547e-16, -2.465551609542771e-25]
Pajaro_02=[0.0009476583928495296, 2.505019892096442e-07, 9.032600190764555e-11, 2.0989277931981324e-12, 2.4451697690429554e-23, -9.910828182867854e-16, -1.54059383595593e-23]
Busto_Perfil_17=[0.0007540215553230419, 1.3104521858803483e-07, 4.4452058206366285e-12, 1.7953415862493789e-12, 5.070395971180979e-24, 6.482526839925457e-16, -1.215218165905345e-25]
Busto_Perfil_03=[0.0007368928035731423, 4.0775973981565015e-08, 8.841977089175942e-11, 8.073623410111279e-12, 1.663505240350383e-22, 1.3311843193032773e-15, 1.3733112732481657e-22]
Busto_Perfil_15=[0.0007827830776972659, 1.4257589059464065e-07, 2.5622355584108646e-11, 1.1478350458847452e-11, 1.950884448498167e-22, 4.3335476920186225e-15, 2.6253203858844257e-23]
Busto_Perfil_01=[0.0007964410206984013, 2.2409483846447278e-08, 1.048173749873151e-10, 1.8431411559699837e-11, 4.613169829855379e-22, 2.440145651657058e-15, -6.65955489031801e-22]
Bosque_01=[0.001537619322111146, 1.6402778153894775e-06, 8.818413441198039e-11, 3.145534264267236e-11, 1.44328468015523e-21, 3.384945767780682e-14, -8.133237820228826e-22]
Puma_01=[0.0011197394207671419, 3.8186734047869453e-07, 9.022439339907372e-12, 1.550593197201492e-11, -1.0039981121311609e-22, -9.286709979266186e-15, 1.534825857494404e-22]
Perro_07=[0.0016037714332909213, 1.5450220982430001e-06, 1.4835416388675146e-10, 5.807383862619917e-11, 5.286274637193473e-21, 7.162611974014422e-14, -1.0543573174561432e-21]
Forma_01=[0.001312284180037239, 5.647407782309079e-07, 1.0702351319361995e-10, 1.9492120088317704e-11, 8.902765988984475e-22, -1.46481116846356e-14, -3.450101353653646e-24]
Cruz_05=[0.0008994801998283258, 1.5644722021642376e-16, 6.076113281218046e-18, 4.611411456838152e-21, -7.1738897687723075e-40, 4.141195490362911e-29, 2.8493872748150354e-40]
Cruz_11=[0.0010921532384851594, 2.024084749832058e-16, 7.82454228551019e-19, 4.0820795463954575e-18, -5.072300151662876e-36, -3.999516409530961e-26, -5.24359219661614e-36]
Dragon_12=[0.0009255238848854008, 3.4349912222204494e-07, 1.739821055386834e-10, 1.0653291241944183e-11, -4.49877711534422e-22, -6.1527783923101705e-15, -8.925562755816347e-23]
Dragon_06=[0.0007897574348182852, 6.02201022122417e-08, 1.29556192315982e-10, 5.474874692267048e-12, -1.1974377043565805e-22, -1.313036139285651e-15, 8.32002672846091e-23]
Escudo_03=[0.0006496587603450837, 1.0608931124437257e-08, 1.0878101189622565e-11, 3.683548744476105e-14, -2.3294188783057257e-26, 3.791568589675938e-18, 1.0353922286431726e-27]
Yoga_03=[0.0008605744677627427, 1.1649988556601661e-07, 4.608884635791617e-11, 1.1983920584055011e-11, 2.81467032595658e-22, 4.007618248044311e-15, 9.90543036327179e-24]
Yoga_02=[0.000994381545245384, 4.96176104476815e-09, 3.532559766918144e-13, 1.3867302982299582e-11, 2.605405693408058e-23, 8.681091457884438e-16, 1.622398989860328e-23]
Escudo_02=[0.0006450819466481277, 8.12892045397395e-09, 1.8148101124487156e-11, 9.850799382116146e-14, 1.3171123045920064e-25, 8.881532541058229e-18, -5.874683534418184e-39]
Osito_01=[0.0008108077038713802, 3.073450715409109e-08, 1.0790528310313221e-10, 8.410599160773588e-13, -7.99086265970401e-24, 1.3365228142262093e-16, 5.8686629599507435e-25]
Dragon_07=[0.0008976557282389655, 2.739948893416634e-07, 2.150021234955253e-10, 1.1374961420369741e-11, -4.651962168584659e-22, -5.489344118771182e-15, 3.1628046529405185e-22]
Dragon_13=[0.0007714267960876894, 3.6722391759725124e-08, 9.161052030045679e-11, 2.043215611104187e-12, 1.396357463185824e-23, 3.8491191639286865e-16, 2.4216621150395587e-23]
Cruz_10=[0.003608086962393957, 3.225622652490101e-06, 4.628560589796582e-08, 1.1682331815910184e-08, 2.7165030409816527e-16, 2.09813022917568e-11, -1.5519391134364023e-18]
Cruz_04=[0.001039223310176033, 1.3921583514200079e-11, 5.829965235267958e-16, 1.4089102089677408e-17, 1.7477867027024914e-34, -8.727248044456734e-24, 1.2648849977991936e-33]
Perro_06=[0.0009979985598099872, 2.6878346044013527e-07, 7.816480531374745e-11, 4.088035446530934e-12, -3.8223784010892016e-23, -1.0734876399363358e-15, 6.228253277778232e-23]
Toro_04=[0.0008345777589592511, 2.206669882073277e-08, 2.484495547051835e-10, 4.0069285570206395e-13, 3.8522573764848316e-24, 5.755130183188764e-17, 1.0694180016056454e-24]
Libelula_01=[0.0014296202255770487, 1.0609088842803053e-06, 5.039918498963344e-10, 1.4148281214183194e-10, 2.0912109117226772e-20, 1.1969681788217307e-13, 3.1465014148528567e-20]
Pajaro_01=[0.001005360894382364, 1.1280885646306035e-07, 1.4438280526141674e-10, 1.0810210775267652e-11, 2.9093265295821337e-22, -3.363101364428491e-15, -3.1265844766656475e-22]
Jirafa_01=[0.001781939232353692, 1.752988500539866e-06, 1.6762409402598588e-09, 3.6850972439920116e-10, 2.863873123877161e-19, 4.848628049342514e-13, 4.321010029395623e-20]
Busto_Perfil_14=[0.0008994632807372376, 3.0029211164461895e-07, 5.904516894367968e-11, 2.0235612043076264e-11, 6.9894659608944305e-22, 1.1075314959111502e-14, 2.695458598488886e-23]
Globo_03=[0.0006504963441509035, 2.0172536875202393e-08, 4.207941214109284e-12, 1.5187794348077306e-13, 4.504164316270532e-26, -1.526447787653692e-17, 1.1275265617418665e-25]
Mono_01=[0.0015037859420589685, 1.0577111183424496e-06, 1.634957497009824e-09, 4.262818597128102e-10, 3.2626805544412544e-19, 4.0435343336356405e-13, 1.421153508876638e-19]
Conejo_01=[0.0008206359341205987, 4.0355205184368085e-08, 3.902716468619162e-11, 5.911082868488792e-13, 2.509544524518137e-24, 8.932796101846943e-17, 1.327705031824074e-24]
Gato_01=[0.0011894776388298343, 5.785674524047018e-07, 8.424019347654095e-10, 9.429341704559119e-11, -7.698372825841029e-21, -1.06659352589733e-14, -2.5436061311875066e-20]
Pikachu_01=[0.0007901091567901746, 3.068316441144683e-08, 6.416400535092983e-11, 6.9060005642251334e-12, -1.1583915463369976e-22, -1.0901233508098738e-15, -8.783384180157413e-23]
Peter_Pan_02=[0.001983617064849746, 2.678693862622544e-06, 1.4082794280700633e-10, 2.0621885869146637e-10, -2.793122090437289e-21, 3.029549182969595e-13, -3.503167732394251e-20]
Casa_01=[0.0006975905746561481, 6.786605703665801e-09, 3.162787038938791e-11, 3.6992843408009423e-13, -1.261330569965991e-24, -1.1537588741201996e-17, -1.0080814268448557e-25]
Peter_Pan_03=[0.001747813526139563, 1.8397043038027032e-06, 1.2778103006961294e-09, 4.767790455103213e-10, 3.4000538834433005e-19, 4.3388341065537513e-13, -1.512817246537272e-19]
Caballo_Ajedrez_01=[0.0009503954975480905, 3.8222163342966364e-07, 4.4250164358987274e-11, 8.757924830327125e-12, 9.243728250016697e-23, 2.520274226822217e-15, -1.4553391538238256e-22]
Globo_02=[0.0006447567344134858, 8.20750668994802e-09, 5.598028456813685e-12, 2.956698961713858e-13, 3.3662882279458335e-25, -5.9354145914175326e-18, 1.7713555040659106e-25]
Conejo_02=[0.0008528116773208403, 1.4988440621825078e-07, 1.8614445048412292e-10, 2.412998291144505e-11, 1.5177219958263025e-21, 4.684919402043431e-15, 5.584063658239586e-22]
Tri_03=[0.0007832840867551873, 4.396350407650279e-08, 2.8955334506632666e-10, 4.033520781278539e-12, -1.3784491232325723e-22, -8.457274930691135e-16, 7.843608320619593e-37]
Caballo_Ajedrez_03=[0.0011122805952872774, 6.613113159281096e-07, 3.944390175646197e-12, 2.184909112638905e-12, 5.6342552605345515e-24, 1.7378504496683756e-15, -3.0653965125889136e-24]
Peter_Pan_01=[0.0015253915563036235, 5.072796583153325e-07, 1.4100978327826418e-09, 3.743228935510363e-10, 2.4028732119182533e-20, 5.44988151516797e-14, -2.708895980164751e-19]
Gato_02=[0.0016778338254109003, 1.609041102076271e-06, 1.3549902160188128e-09, 1.5045485334474568e-10, -6.316001582445649e-20, -1.8834989813032962e-13, 2.5012644452372818e-20]
Gato_03=[0.0008872648921489794, 1.04176288710024e-07, 1.070387252156401e-10, 1.5737613979849623e-11, -4.2114099756808526e-23, 2.8310686724932425e-15, -6.445457109465012e-22]
Caballo_Ajedrez_02=[0.0009140167526383852, 3.3320619594640624e-07, 3.788682140129564e-11, 6.356271878075522e-12, 4.644755235335263e-23, 1.65485430607008e-15, 8.701860647383849e-23]
Tri_02=[0.0007887964627205926, 5.942079948422542e-08, 2.8091218825985156e-10, 4.912258524068545e-12, -1.8247657195385313e-22, -1.1974308821892628e-15, -6.028504227734902e-27]
Granero_01=[0.0006521016312350475, 9.92671044459268e-09, 2.0663497166499798e-11, 4.1789694233243853e-13, -1.2274364253608941e-24, -4.161979212737149e-17, -3.787832252860973e-26]
Globo_01=[0.0006731844100755469, 3.165761943749306e-08, 1.2278820446161004e-11, 5.961457851991517e-13, 4.199428650058953e-25, -8.667199454632371e-17, 1.5572699181006666e-24]
Globo_05=[0.0006473651141448098, 3.945593316996822e-09, 1.2166163494796073e-11, 7.654956174041426e-13, 2.3177669037161738e-24, 3.4930568790248587e-17, 2.920721862352024e-25]
Scout_01=[0.0009441454574895643, 3.3218470624513575e-07, 1.9149822748961557e-10, 5.441758186032567e-11, 5.247348657743679e-21, 3.0180833296412616e-14, -1.823287325380886e-21]
Tri_06=[0.0009720299393434404, 3.7726798782466015e-07, 4.374295532474358e-10, 8.76579035617522e-11, 1.693690619930851e-20, 5.154671044503558e-14, 2.7882234240231377e-21]
LittlePonny_01=[0.0010552995977947859, 2.76457937993853e-07, 2.0190852150066967e-10, 9.707831773069083e-12, 3.931806204131701e-22, 4.112147839878887e-15, 1.7358620421806148e-22]
Gato_07=[0.0009786889532687408, 2.8800382211261126e-07, 1.2280851206327475e-10, 8.268947191014206e-11, 7.396878442259613e-21, 4.271087596887627e-14, 3.836834474736484e-21]
Peter_Pan_04=[0.0013699591363568943, 3.326349233214877e-07, 6.754504678427046e-10, 7.249977406317378e-11, 1.5936273142013346e-20, 1.1990366609466376e-14, 1.852616989886767e-21]
Gato_06=[0.000975362903691131, 2.2709385086775401e-07, 2.1694132767965404e-10, 3.19176964043295e-11, 9.751214130244204e-22, 1.048511397889269e-14, 2.4704578304487045e-21]
Vader_01=[0.0007906845189589741, 8.455062407956135e-08, 2.1776433216340066e-10, 1.8706101541977944e-11, 1.1551421266124233e-21, 5.4043273271715216e-15, -3.0173861833515754e-22]
Tri_07=[0.001099687998185612, 6.308853734632341e-07, 4.928919763266319e-10, 7.181659977251898e-11, 8.718180114110129e-21, 1.862590531108296e-14, -1.0322887748487725e-20]
Rata_02=[0.0012554779755564295, 8.968840470069185e-07, 6.648707152739948e-11, 2.3723910535169015e-10, 2.979008147640979e-20, 2.2323379067272183e-13, 5.585649409718726e-22]
Huevo_02=[0.0006951219250989059, 8.955495992205543e-08, 5.635658360253076e-12, 4.218269409973589e-13, 6.503899069391816e-25, 1.2623481123398351e-16, -1.0990259726456887e-28]
Jaguar_01=[0.0012463640062348532, 6.475660055357793e-07, 7.682135217458379e-11, 1.4172861523588678e-10, 1.3723545387374776e-20, 9.253019520549325e-14, -5.510646113037002e-21]
Globo_04=[0.0006378163701856335, 1.1538228230833141e-08, 1.5003867141135262e-12, 2.895627214054376e-14, 6.925324468323055e-28, -2.5690467631112236e-18, -5.9956691956265014e-27]
Globo_06=[0.0006439379934245935, 1.756897348568472e-08, 1.7868440958508782e-12, 3.783161640167955e-15, -1.824553127357268e-28, -1.568521468032274e-19, -2.519129681815656e-28]
Arbol_08=[0.0007912416690370185, 1.4515313429752687e-07, 3.563750543677097e-11, 4.165621815828325e-12, -5.074209934250431e-23, -1.5750532351980446e-15, 1.115804803840771e-24]
Tri_05=[0.0011802587452468857, 8.176482979858277e-07, 5.533633320510489e-10, 1.0726914415438393e-10, 2.07506545448705e-20, 4.895294567031569e-14, -1.5888125875990213e-20]
Gato_04=[0.0008581211128757694, 2.7851307659509916e-07, 5.975849133956374e-11, 1.2506387752105395e-11, 2.984326756746834e-22, 5.270777489417954e-15, 1.6683154776421053e-22]
Gato_05=[0.001292995985035788, 7.177078077951085e-07, 6.699404550008703e-11, 3.669264135626889e-12, -4.571179138105432e-23, -3.0345333937991216e-15, 3.4928699118125373e-23]
Bebe_01=[0.00099174250878151, 2.0796046406135288e-07, 3.324742725958949e-10, 2.71974910172073e-12, 8.151715316629281e-23, 1.0506704855116213e-15, 6.61042201910762e-24]
Tri_10=[0.000754736576120403, 6.923373650555634e-12, 2.752145917438393e-10, 9.309357170841866e-16, -4.702886652966381e-28, -2.4480500091256385e-21, 2.9465608916158633e-29]
Tri_04=[0.0007623361034542059, 1.1808593566212739e-08, 2.7876262138753635e-10, 1.229301097362558e-12, -2.2751962087355373e-23, -1.3356798551293628e-16, -4.523504987802169e-25]
Rata_01=[0.0010131250412424083, 3.5850638203010006e-07, 9.047396557045708e-11, 1.8349900270502107e-11, -1.9382324585842386e-22, -9.117513668725888e-15, -7.221144018770221e-22]
Huevo_01=[0.000655765516888386, 3.863722624827295e-08, 2.435159076649918e-12, 7.194208880389306e-14, 3.011123817050401e-26, 1.4140629450882408e-17, 2.0041240913387923e-28]
Yoda_01=[0.000898418827904801, 2.1073906912102516e-07, 2.4422144666619888e-11, 9.031808248057223e-12, 1.3402854745114418e-22, 3.927154706152187e-15, 5.434013343443016e-24]
Arbol_09=[0.000746137835422071, 8.130945817406883e-10, 3.5845137226733e-11, 1.5479764005556115e-11, 3.2432541472409363e-22, -3.361212918517251e-16, 1.666544729190304e-22]
